{
 "cells": [
  {
   "cell_type": "code",
   "execution_count": null,
   "metadata": {},
   "outputs": [
    {
     "name": "stdout",
     "output_type": "stream",
     "text": [
      "Source: pointcloud_0000.pcd\n",
      "Target: pointcloud_0004.pcd\n",
      "Source point cloud has 22915 points\n",
      "Target point cloud has 22904 points\n",
      "Visualizing original point clouds (red: source, green: target)\n",
      "Initial alignment - Fitness: 0.0010037093606807767, RMSE: 0.013337273135840308\n",
      "ICP registration - Fitness: 0.0013964651974689068, RMSE: 0.012934186978018222\n",
      "Transformation matrix:\n",
      "[[-0.57890262 -0.80305508  0.14133047  0.31061183]\n",
      " [-0.27632169  0.35628067  0.89258636  0.4181128 ]\n",
      " [ 0.76714932 -0.4776679   0.42815335  0.06610437]\n",
      " [ 0.          0.          0.          1.        ]]\n",
      "Visualizing point clouds after ICP (red: original source, green: target, blue: transformed source)\n",
      "\n",
      "Point-to-Point ICP Results:\n",
      "Initial alignment - Fitness: 0.001004, RMSE: 0.013337\n",
      "Final alignment - Fitness: 0.001396, RMSE: 0.012934\n",
      "Improvement - Fitness: 0.000393, RMSE: 0.000403\n",
      "Found 100 point cloud files.\n",
      "\n",
      "Processing point clouds 0 and 1...\n",
      "Initial alignment - Fitness: 0.00209570380719525, RMSE: 0.015023833904237102\n",
      "ICP registration - Fitness: 0.00240132727907789, RMSE: 0.012597494846306937\n",
      "Transformation matrix:\n",
      "[[-0.83434938 -0.2819482  -0.47367323  0.02570276]\n",
      " [ 0.22508666  0.61013421 -0.75965271 -0.00167093]\n",
      " [-0.50318696  0.74043329  0.44560231  0.07542541]\n",
      " [ 0.          0.          0.          1.        ]]\n",
      "Registration 1/99 - Fitness: 0.002401, RMSE: 0.012597\n",
      "\n",
      "Processing point clouds 1 and 2...\n",
      "Initial alignment - Fitness: 0.011642611084463437, RMSE: 0.014688305352428457\n",
      "ICP registration - Fitness: 0.01783456154885972, RMSE: 0.013694982736119065\n",
      "Transformation matrix:\n",
      "[[ 0.60964943  0.58929579 -0.53014908  0.05754247]\n",
      " [-0.79255601  0.44176647 -0.42035385  0.10184779]\n",
      " [ 0.01351067 -0.67644132 -0.73637259  0.06013869]\n",
      " [ 0.          0.          0.          1.        ]]\n",
      "Registration 2/99 - Fitness: 0.017835, RMSE: 0.013695\n",
      "\n",
      "Processing point clouds 2 and 3...\n",
      "Initial alignment - Fitness: 0.013235745277643861, RMSE: 0.01383181891560616\n",
      "ICP registration - Fitness: 0.025463470219573126, RMSE: 0.01225844230710917\n",
      "Transformation matrix:\n",
      "[[ 0.03669871  0.2382749   0.97050413  0.01379535]\n",
      " [-0.05462087 -0.96922833  0.24002711  0.04822637]\n",
      " [-0.99783253  0.06181846  0.02255465  0.0881828 ]\n",
      " [ 0.          0.          0.          1.        ]]\n",
      "Registration 3/99 - Fitness: 0.025463, RMSE: 0.012258\n",
      "\n",
      "Processing point clouds 3 and 4...\n",
      "Initial alignment - Fitness: 0.00214987714987715, RMSE: 0.014940767087678839\n",
      "ICP registration - Fitness: 0.002413127413127413, RMSE: 0.013994205292403984\n",
      "Transformation matrix:\n",
      "[[ 0.5327168   0.45417262  0.71410086  0.08741074]\n",
      " [ 0.84596758 -0.3091965  -0.43443801  0.08671814]\n",
      " [ 0.02348764  0.8355386  -0.54892948  0.04458209]\n",
      " [ 0.          0.          0.          1.        ]]\n",
      "Registration 4/99 - Fitness: 0.002413, RMSE: 0.013994\n",
      "\n",
      "Processing point clouds 4 and 5...\n",
      "Initial alignment - Fitness: 0.0009226713532513181, RMSE: 0.01700786551003511\n",
      "ICP registration - Fitness: 0.0015377855887521968, RMSE: 0.0122556301417071\n",
      "Transformation matrix:\n",
      "[[ 0.79561491  0.23207184  0.55958876  0.10392684]\n",
      " [-0.32046164 -0.62266444  0.71385806  0.04174865]\n",
      " [-0.51410237  0.74728285  0.42103099  0.02364856]\n",
      " [ 0.          0.          0.          1.        ]]\n",
      "Registration 5/99 - Fitness: 0.001538, RMSE: 0.012256\n",
      "\n",
      "Processing point clouds 5 and 6...\n",
      "Initial alignment - Fitness: 0.002505714788113241, RMSE: 0.015675532036942386\n",
      "ICP registration - Fitness: 0.002857394056620362, RMSE: 0.011783824467400278\n",
      "Transformation matrix:\n",
      "[[ 0.79474253 -0.09899514 -0.59881906  0.04780948]\n",
      " [ 0.50467372  0.65587462  0.56136701  0.00392038]\n",
      " [-0.33717761  0.74835048 -0.5712117   0.06753452]\n",
      " [ 0.          0.          0.          1.        ]]\n",
      "Registration 6/99 - Fitness: 0.002857, RMSE: 0.011784\n",
      "\n",
      "Processing point clouds 6 and 7...\n",
      "Initial alignment - Fitness: 0.012043443987036875, RMSE: 0.014392903570682477\n",
      "ICP registration - Fitness: 0.015371813961636156, RMSE: 0.013457894272022732\n",
      "Transformation matrix:\n",
      "[[-0.52076235  0.70824624 -0.47664854  0.05945708]\n",
      " [ 0.71665281  0.05927241 -0.69490685  0.00282592]\n",
      " [ 0.46391306  0.70347284  0.5384335   0.0578114 ]\n",
      " [ 0.          0.          0.          1.        ]]\n",
      "Registration 7/99 - Fitness: 0.015372, RMSE: 0.013458\n",
      "\n",
      "Processing point clouds 7 and 8...\n",
      "Initial alignment - Fitness: 0.0030646644192460926, RMSE: 0.013968331328464376\n",
      "ICP registration - Fitness: 0.005078586751893524, RMSE: 0.013971446910475709\n",
      "Transformation matrix:\n",
      "[[ 0.31797369  0.16503732 -0.93362488  0.07808606]\n",
      " [ 0.72833135 -0.67295435  0.12909641  0.00923276]\n",
      " [ 0.6069812   0.72103754  0.33418363  0.01429306]\n",
      " [ 0.          0.          0.          1.        ]]\n",
      "Registration 8/99 - Fitness: 0.005079, RMSE: 0.013971\n",
      "\n",
      "Processing point clouds 8 and 9...\n",
      "Initial alignment - Fitness: 0.004379817799579537, RMSE: 0.013712328353773066\n",
      "ICP registration - Fitness: 0.005649964961457603, RMSE: 0.014167835307638127\n",
      "Transformation matrix:\n",
      "[[ 0.49965078  0.79261114  0.34945196  0.08836173]\n",
      " [-0.77815756  0.23347548  0.5830609   0.04553492]\n",
      " [ 0.3805521  -0.56325552  0.73343256  0.06299098]\n",
      " [ 0.          0.          0.          1.        ]]\n",
      "Registration 9/99 - Fitness: 0.005650, RMSE: 0.014168\n",
      "\n",
      "Processing point clouds 9 and 10...\n",
      "Initial alignment - Fitness: 0.004535047551954914, RMSE: 0.013553687088380277\n",
      "ICP registration - Fitness: 0.006164142303628038, RMSE: 0.01400019011652646\n",
      "Transformation matrix:\n",
      "[[ 0.95097311  0.08025533 -0.29867913  0.03989362]\n",
      " [-0.04533834  0.99148675  0.12205927  0.09995541]\n",
      " [-0.30593231  0.10253347 -0.94651588  0.09344551]\n",
      " [ 0.          0.          0.          1.        ]]\n",
      "Registration 10/99 - Fitness: 0.006164, RMSE: 0.014000\n",
      "\n",
      "Processing point clouds 10 and 11...\n",
      "Initial alignment - Fitness: 0.0037045203969128995, RMSE: 0.015347459544575141\n",
      "ICP registration - Fitness: 0.008026460859977949, RMSE: 0.014196687910542983\n",
      "Transformation matrix:\n",
      "[[ 0.41782442 -0.26670875  0.86849824  0.06764489]\n",
      " [-0.89121965 -0.30602542  0.3347775   0.12168958]\n",
      " [-0.17649446  0.91390092  0.36556097  0.06688057]\n",
      " [ 0.          0.          0.          1.        ]]\n",
      "Registration 11/99 - Fitness: 0.008026, RMSE: 0.014197\n",
      "\n",
      "Processing point clouds 11 and 12...\n",
      "Initial alignment - Fitness: 0.004244333595869432, RMSE: 0.014224629446267772\n",
      "ICP registration - Fitness: 0.0058195501881508705, RMSE: 0.012858691237168953\n",
      "Transformation matrix:\n",
      "[[-0.36752718  0.39530079 -0.84182009  0.07006339]\n",
      " [ 0.92632369  0.07505403 -0.36917653  0.05596912]\n",
      " [-0.08275378 -0.9154803  -0.39376088  0.06474654]\n",
      " [ 0.          0.          0.          1.        ]]\n",
      "Registration 12/99 - Fitness: 0.005820, RMSE: 0.012859\n",
      "\n",
      "Processing point clouds 12 and 13...\n",
      "Initial alignment - Fitness: 0.0008279227853065493, RMSE: 0.01636739535148478\n",
      "ICP registration - Fitness: 0.0011329469693668569, RMSE: 0.01304807417604662\n",
      "Transformation matrix:\n",
      "[[-0.51143985 -0.37803426  0.77169902  0.06027423]\n",
      " [ 0.83430477 -0.4335454   0.34054946  0.05960218]\n",
      " [ 0.2058272   0.81800274  0.53712818 -0.0049599 ]\n",
      " [ 0.          0.          0.          1.        ]]\n",
      "Registration 13/99 - Fitness: 0.001133, RMSE: 0.013048\n",
      "\n",
      "Processing point clouds 13 and 14...\n",
      "Initial alignment - Fitness: 0.0007851347814708192, RMSE: 0.016165177118169147\n",
      "ICP registration - Fitness: 0.0010904649742650267, RMSE: 0.012453375403871486\n",
      "Transformation matrix:\n",
      "[[ 0.74691761 -0.3073215   0.58963343  0.01085458]\n",
      " [-0.0643575   0.84920027  0.52413454  0.03610555]\n",
      " [ 0.66179468  0.42943265 -0.61450419  0.05316541]\n",
      " [ 0.          0.          0.          1.        ]]\n",
      "Registration 14/99 - Fitness: 0.001090, RMSE: 0.012453\n",
      "\n",
      "Processing point clouds 14 and 15...\n",
      "Initial alignment - Fitness: 0.002276707530647986, RMSE: 0.013580233161517357\n",
      "ICP registration - Fitness: 0.0028458844133099825, RMSE: 0.013417073781636564\n",
      "Transformation matrix:\n",
      "[[ 0.01005154 -0.3425088  -0.93946085  0.06136302]\n",
      " [-0.88142748  0.44063508 -0.17007744  0.02597713]\n",
      " [-0.47221242 -0.82977615  0.2974676   0.04177711]\n",
      " [ 0.          0.          0.          1.        ]]\n",
      "Registration 15/99 - Fitness: 0.002846, RMSE: 0.013417\n",
      "\n",
      "Processing point clouds 15 and 16...\n",
      "Initial alignment - Fitness: 0.00236655272153563, RMSE: 0.012868677578033859\n",
      "ICP registration - Fitness: 0.0025856779735296694, RMSE: 0.011937675714290793\n",
      "Transformation matrix:\n",
      "[[-0.0175317   0.68889461  0.72464947  0.00852702]\n",
      " [-0.81408614 -0.43060861  0.38966651  0.03780867]\n",
      " [-0.58047946  0.58309558 -0.56836885  0.01764684]\n",
      " [ 0.          0.          0.          1.        ]]\n",
      "Registration 16/99 - Fitness: 0.002586, RMSE: 0.011938\n",
      "\n",
      "Processing point clouds 16 and 17...\n",
      "Initial alignment - Fitness: 0.0031569255053273118, RMSE: 0.014629704976722448\n",
      "ICP registration - Fitness: 0.005524619634322795, RMSE: 0.01250751583357134\n",
      "Transformation matrix:\n",
      "[[ 0.36458708  0.89645986  0.25186501 -0.01170905]\n",
      " [-0.14750988 -0.21146438  0.96619028  0.09083249]\n",
      " [ 0.91941128 -0.38941307  0.05513951  0.10030616]\n",
      " [ 0.          0.          0.          1.        ]]\n",
      "Registration 17/99 - Fitness: 0.005525, RMSE: 0.012508\n",
      "\n",
      "Processing point clouds 17 and 18...\n",
      "Initial alignment - Fitness: 0.0007404826204373203, RMSE: 0.014069372958678881\n",
      "ICP registration - Fitness: 0.0008275982228417109, RMSE: 0.013933955195921563\n",
      "Transformation matrix:\n",
      "[[ 0.17969439 -0.49233477 -0.85165509  0.03007378]\n",
      " [-0.74226272 -0.63600437  0.21105566  0.09360252]\n",
      " [-0.6455664   0.59422631 -0.47972816  0.09265201]\n",
      " [ 0.          0.          0.          1.        ]]\n",
      "Registration 18/99 - Fitness: 0.000828, RMSE: 0.013934\n",
      "\n",
      "Processing point clouds 18 and 19...\n",
      "Initial alignment - Fitness: 0.007629905722429292, RMSE: 0.013692570559545234\n",
      "ICP registration - Fitness: 0.012102609076956808, RMSE: 0.013948963800720054\n",
      "Transformation matrix:\n",
      "[[-0.85099584 -0.20749697  0.48244283  0.07341821]\n",
      " [ 0.35664998  0.44597522  0.82091833  0.03285235]\n",
      " [ 0.38549561 -0.87066131  0.30551926  0.07382885]\n",
      " [ 0.          0.          0.          1.        ]]\n",
      "Registration 19/99 - Fitness: 0.012103, RMSE: 0.013949\n",
      "\n",
      "Processing point clouds 19 and 20...\n",
      "Initial alignment - Fitness: 0.00866200589192279, RMSE: 0.01411375443614904\n",
      "ICP registration - Fitness: 0.009409488633865365, RMSE: 0.013928221811197725\n",
      "Transformation matrix:\n",
      "[[-0.62083676 -0.20166073 -0.75755836  0.04914776]\n",
      " [-0.78105278  0.24197438  0.57567783  0.02094103]\n",
      " [ 0.0672181   0.94909502 -0.30773427  0.04669732]\n",
      " [ 0.          0.          0.          1.        ]]\n",
      "Registration 20/99 - Fitness: 0.009409, RMSE: 0.013928\n",
      "\n",
      "Processing point clouds 20 and 21...\n",
      "Initial alignment - Fitness: 0.008641975308641974, RMSE: 0.013759276851854556\n",
      "ICP registration - Fitness: 0.009082892416225749, RMSE: 0.013464125442312071\n",
      "Transformation matrix:\n",
      "[[-0.43288882  0.80364808 -0.40835895  0.02219732]\n",
      " [ 0.9012013   0.39640148 -0.17522007  0.05824533]\n",
      " [ 0.02105882 -0.44386443 -0.89584647 -0.00178539]\n",
      " [ 0.          0.          0.          1.        ]]\n",
      "Registration 21/99 - Fitness: 0.009083, RMSE: 0.013464\n",
      "\n",
      "Processing point clouds 21 and 22...\n",
      "Initial alignment - Fitness: 0.0014142396252264993, RMSE: 0.014825034180900167\n",
      "ICP registration - Fitness: 0.0015026296018031556, RMSE: 0.014306086458102147\n",
      "Transformation matrix:\n",
      "[[-0.69665541 -0.71278666 -0.08127987  0.05403671]\n",
      " [-0.55234043  0.60521103 -0.57327102  0.0329882 ]\n",
      " [ 0.45781141 -0.3544782  -0.81532443  0.07724771]\n",
      " [ 0.          0.          0.          1.        ]]\n",
      "Registration 22/99 - Fitness: 0.001503, RMSE: 0.014306\n",
      "\n",
      "Processing point clouds 22 and 23...\n",
      "Initial alignment - Fitness: 0.0019422618522115299, RMSE: 0.014073141288895091\n",
      "ICP registration - Fitness: 0.0038403813896000704, RMSE: 0.013249771764679827\n",
      "Transformation matrix:\n",
      "[[-0.11276234  0.80179765 -0.58686045  0.11972571]\n",
      " [ 0.64451715  0.5085396   0.57095106  0.02128024]\n",
      " [ 0.756229   -0.31385985 -0.57411645  0.044011  ]\n",
      " [ 0.          0.          0.          1.        ]]\n",
      "Registration 23/99 - Fitness: 0.003840, RMSE: 0.013250\n",
      "\n",
      "Processing point clouds 23 and 24...\n",
      "Initial alignment - Fitness: 0.0018529139277363568, RMSE: 0.014403325434287859\n",
      "ICP registration - Fitness: 0.0022499669122512905, RMSE: 0.013319059010458437\n",
      "Transformation matrix:\n",
      "[[-0.31809614 -0.28372843  0.90460656  0.08138074]\n",
      " [ 0.81553952 -0.56844186  0.10848567  0.05535632]\n",
      " [ 0.48343577  0.77225127  0.41221091  0.06415566]\n",
      " [ 0.          0.          0.          1.        ]]\n",
      "Registration 24/99 - Fitness: 0.002250, RMSE: 0.013319\n",
      "\n",
      "Processing point clouds 24 and 25...\n",
      "Initial alignment - Fitness: 0.003994907590324422, RMSE: 0.013528742133180973\n",
      "ICP registration - Fitness: 0.004214408007375214, RMSE: 0.013139596400112906\n",
      "Transformation matrix:\n",
      "[[-0.33565129 -0.7196462  -0.60782198  0.07296234]\n",
      " [ 0.27082618 -0.69173629  0.66944311  0.01503746]\n",
      " [-0.90221472  0.06008534  0.42708121  0.07228872]\n",
      " [ 0.          0.          0.          1.        ]]\n",
      "Registration 25/99 - Fitness: 0.004214, RMSE: 0.013140\n",
      "\n",
      "Processing point clouds 25 and 26...\n",
      "Initial alignment - Fitness: 0.009913585120849234, RMSE: 0.014610036473481514\n",
      "ICP registration - Fitness: 0.012852568320393035, RMSE: 0.013775929667931024\n",
      "Transformation matrix:\n",
      "[[ 0.43435309 -0.73603474  0.51922081  0.06668668]\n",
      " [-0.22726154 -0.6473374  -0.72753452  0.05495564]\n",
      " [ 0.87160174  0.19800795 -0.44844538  0.01412021]\n",
      " [ 0.          0.          0.          1.        ]]\n",
      "Registration 26/99 - Fitness: 0.012853, RMSE: 0.013776\n",
      "\n",
      "Processing point clouds 26 and 27...\n",
      "Initial alignment - Fitness: 0.0006593986284508528, RMSE: 0.015336798854335105\n",
      "ICP registration - Fitness: 0.0010550378055213644, RMSE: 0.013254014949541591\n",
      "Transformation matrix:\n",
      "[[ 0.20389098  0.66733816  0.71630179  0.09758778]\n",
      " [-0.37375642 -0.62319028  0.6869789   0.01477007]\n",
      " [-0.90483955  0.40779119 -0.12235904  0.03001542]\n",
      " [ 0.          0.          0.          1.        ]]\n",
      "Registration 27/99 - Fitness: 0.001055, RMSE: 0.013254\n",
      "\n",
      "Processing point clouds 27 and 28...\n",
      "Initial alignment - Fitness: 0.003161222339304531, RMSE: 0.013407922876836346\n",
      "ICP registration - Fitness: 0.005795574288724974, RMSE: 0.012788515681615329\n",
      "Transformation matrix:\n",
      "[[-0.30194792 -0.8823024   0.36106776  0.08527303]\n",
      " [-0.93535347  0.2009917  -0.29106052 -0.00384058]\n",
      " [-0.18423177  0.4256111   0.88595364  0.04314182]\n",
      " [ 0.          0.          0.          1.        ]]\n",
      "Registration 28/99 - Fitness: 0.005796, RMSE: 0.012789\n",
      "\n",
      "Processing point clouds 28 and 29...\n",
      "Initial alignment - Fitness: 0.0010963469718896636, RMSE: 0.014266420748650381\n",
      "ICP registration - Fitness: 0.0011402008507652502, RMSE: 0.013511974560941591\n",
      "Transformation matrix:\n",
      "[[-0.83826577 -0.1357814  -0.52808513  0.04586321]\n",
      " [ 0.34772824 -0.87912035 -0.32593323  0.02626135]\n",
      " [ 0.41999472  0.45684879 -0.78415153  0.08912703]\n",
      " [ 0.          0.          0.          1.        ]]\n",
      "Registration 29/99 - Fitness: 0.001140, RMSE: 0.013512\n",
      "\n",
      "Processing point clouds 29 and 30...\n",
      "Initial alignment - Fitness: 0.00122737035900583, RMSE: 0.01441003161815264\n",
      "ICP registration - Fitness: 0.0016218822601148468, RMSE: 0.013332618306648853\n",
      "Transformation matrix:\n",
      "[[ 0.40037134  0.725777    0.55941983  0.05176894]\n",
      " [ 0.74975309 -0.6104481   0.25538877  0.09582795]\n",
      " [-0.52685207 -0.3171764   0.78855947  0.05133808]\n",
      " [ 0.          0.          0.          1.        ]]\n",
      "Registration 30/99 - Fitness: 0.001622, RMSE: 0.013333\n",
      "\n",
      "Processing point clouds 30 and 31...\n",
      "Initial alignment - Fitness: 0.0014525287204542453, RMSE: 0.01464139415353196\n",
      "ICP registration - Fitness: 0.001584576785950086, RMSE: 0.013567462471653326\n",
      "Transformation matrix:\n",
      "[[ 0.37310561 -0.89344196  0.25010731  0.06773788]\n",
      " [ 0.91593751  0.39765338  0.05413193  0.0200163 ]\n",
      " [-0.14781976  0.20888574  0.96670371  0.02136003]\n",
      " [ 0.          0.          0.          1.        ]]\n",
      "Registration 31/99 - Fitness: 0.001585, RMSE: 0.013567\n",
      "\n",
      "Processing point clouds 31 and 32...\n",
      "Initial alignment - Fitness: 0.0013984180395927109, RMSE: 0.014751257369310888\n",
      "ICP registration - Fitness: 0.001879124240702705, RMSE: 0.01395599575000027\n",
      "Transformation matrix:\n",
      "[[-0.04495314  0.12281102  0.99141145  0.03101284]\n",
      " [ 0.04127358  0.99179564 -0.12098716  0.0214183 ]\n",
      " [ 0.99813612 -0.03548034  0.04965318  0.0577609 ]\n",
      " [ 0.          0.          0.          1.        ]]\n",
      "Registration 32/99 - Fitness: 0.001879, RMSE: 0.013956\n",
      "\n",
      "Processing point clouds 32 and 33...\n",
      "Initial alignment - Fitness: 0.0040202761754937946, RMSE: 0.01497814547208376\n",
      "ICP registration - Fitness: 0.007778360426498864, RMSE: 0.01260971090117765\n",
      "Transformation matrix:\n",
      "[[ 0.56281368 -0.75638168 -0.33335794  0.02287271]\n",
      " [-0.76142359 -0.31746725 -0.5651979   0.00391693]\n",
      " [-0.32167511 -0.57192771  0.75460176  0.11180883]\n",
      " [ 0.          0.          0.          1.        ]]\n",
      "Registration 33/99 - Fitness: 0.007778, RMSE: 0.012610\n",
      "\n",
      "Processing point clouds 33 and 34...\n",
      "Initial alignment - Fitness: 0.0022738204556386372, RMSE: 0.014618298245330032\n",
      "ICP registration - Fitness: 0.002623638987275351, RMSE: 0.014027726889848161\n",
      "Transformation matrix:\n",
      "[[-0.75299019 -0.03288487 -0.65720952  0.11132561]\n",
      " [ 0.40107952 -0.81472101 -0.41876592  0.03276461]\n",
      " [ 0.52167134  0.57891991 -0.62666638  0.10430872]\n",
      " [ 0.          0.          0.          1.        ]]\n",
      "Registration 34/99 - Fitness: 0.002624, RMSE: 0.014028\n",
      "\n",
      "Processing point clouds 34 and 35...\n",
      "Initial alignment - Fitness: 0.00047836486192650576, RMSE: 0.01594867955534434\n",
      "ICP registration - Fitness: 0.004044357469015003, RMSE: 0.012938672799945606\n",
      "Transformation matrix:\n",
      "[[ 0.72516209 -0.40346665  0.55799159 -0.02025169]\n",
      " [-0.49444389  0.25887875  0.82976324  0.11750943]\n",
      " [ 0.47923396  0.87760837  0.01176256  0.0542615 ]\n",
      " [ 0.          0.          0.          1.        ]]\n",
      "Registration 35/99 - Fitness: 0.004044, RMSE: 0.012939\n",
      "\n",
      "Processing point clouds 35 and 36...\n",
      "Initial alignment - Fitness: 0.0014288807101104136, RMSE: 0.015699792806062766\n",
      "ICP registration - Fitness: 0.002771162589305044, RMSE: 0.013519878777504877\n",
      "Transformation matrix:\n",
      "[[-0.20576999  0.25985888  0.94346811  0.07790201]\n",
      " [ 0.97859936  0.05324287  0.19876745  0.02230938]\n",
      " [-0.00141854 -0.96417766  0.26525351  0.01828395]\n",
      " [ 0.          0.          0.          1.        ]]\n",
      "Registration 36/99 - Fitness: 0.002771, RMSE: 0.013520\n",
      "\n",
      "Processing point clouds 36 and 37...\n",
      "Initial alignment - Fitness: 0.0008705872110738694, RMSE: 0.013341845800629493\n",
      "ICP registration - Fitness: 0.0011752927349497236, RMSE: 0.013073838855683428\n",
      "Transformation matrix:\n",
      "[[-0.77311439  0.36369899 -0.51963178  0.06514386]\n",
      " [-0.5456801  -0.79900589  0.25263177  0.09221273]\n",
      " [-0.32330694  0.47886598  0.81618625  0.07462546]\n",
      " [ 0.          0.          0.          1.        ]]\n",
      "Registration 37/99 - Fitness: 0.001175, RMSE: 0.013074\n",
      "\n",
      "Processing point clouds 37 and 38...\n",
      "Initial alignment - Fitness: 0.013246179819055452, RMSE: 0.014638664563719213\n",
      "ICP registration - Fitness: 0.014241807713951777, RMSE: 0.013906602354081067\n",
      "Transformation matrix:\n",
      "[[-0.49403069 -0.5165478  -0.69936546  0.021812  ]\n",
      " [ 0.61301973 -0.77736224  0.14111963  0.00693854]\n",
      " [ 0.61655534  0.3590074  -0.7006948   0.08587327]\n",
      " [ 0.          0.          0.          1.        ]]\n",
      "Registration 38/99 - Fitness: 0.014242, RMSE: 0.013907\n",
      "\n",
      "Processing point clouds 38 and 39...\n",
      "Initial alignment - Fitness: 0.0001727637887098864, RMSE: 0.017645190827199418\n",
      "ICP registration - Fitness: 0.0003023366302423012, RMSE: 0.008783931627745309\n",
      "Transformation matrix:\n",
      "[[-0.97357781 -0.16363865 -0.15927535  0.01135071]\n",
      " [-0.19230527  0.96365946  0.18541608  0.06584795]\n",
      " [ 0.12314596  0.21114647 -0.96966605  0.04169902]\n",
      " [ 0.          0.          0.          1.        ]]\n",
      "Registration 39/99 - Fitness: 0.000302, RMSE: 0.008784\n",
      "\n",
      "Processing point clouds 39 and 40...\n",
      "Initial alignment - Fitness: 0.006165653429914198, RMSE: 0.014532010613477375\n",
      "ICP registration - Fitness: 0.009614970034062002, RMSE: 0.013565244123962365\n",
      "Transformation matrix:\n",
      "[[ 0.54473088  0.68311228  0.48644206  0.00521293]\n",
      " [ 0.78868835 -0.61445766 -0.02030936  0.06403158]\n",
      " [-0.28502448 -0.39471432  0.87347676 -0.0183613 ]\n",
      " [ 0.          0.          0.          1.        ]]\n",
      "Registration 40/99 - Fitness: 0.009615, RMSE: 0.013565\n",
      "\n",
      "Processing point clouds 40 and 41...\n",
      "Initial alignment - Fitness: 0.005457853244390539, RMSE: 0.014964555601884965\n",
      "ICP registration - Fitness: 0.007103872476825782, RMSE: 0.013740590164840395\n",
      "Transformation matrix:\n",
      "[[ 0.01319446  0.98762792  0.15625942  0.08753394]\n",
      " [ 0.89684449  0.05741299 -0.43860427  0.00341609]\n",
      " [ 0.44214914 -0.14592755  0.88499112  0.03846904]\n",
      " [ 0.          0.          0.          1.        ]]\n",
      "Registration 41/99 - Fitness: 0.007104, RMSE: 0.013741\n",
      "\n",
      "Processing point clouds 41 and 42...\n",
      "Initial alignment - Fitness: 0.0033318909562959757, RMSE: 0.014339921344673648\n",
      "ICP registration - Fitness: 0.006317611423626136, RMSE: 0.014289199587019923\n",
      "Transformation matrix:\n",
      "[[-0.95457421 -0.04348873  0.29478265  0.07226736]\n",
      " [-0.29743713  0.07974769 -0.95140499  0.09856412]\n",
      " [-0.01786716  0.99586597  0.08906025  0.04333227]\n",
      " [ 0.          0.          0.          1.        ]]\n",
      "Registration 42/99 - Fitness: 0.006318, RMSE: 0.014289\n",
      "\n",
      "Processing point clouds 42 and 43...\n",
      "Initial alignment - Fitness: 0.0004324137334601747, RMSE: 0.015298383553746263\n",
      "ICP registration - Fitness: 0.002421516907376978, RMSE: 0.013096190147920132\n",
      "Transformation matrix:\n",
      "[[ 0.08600135  0.19511362 -0.97700279  0.08801229]\n",
      " [-0.99628427  0.01228701 -0.08524483  0.01314524]\n",
      " [-0.00462799  0.98070368  0.19544533  0.04299099]\n",
      " [ 0.          0.          0.          1.        ]]\n",
      "Registration 43/99 - Fitness: 0.002422, RMSE: 0.013096\n",
      "\n",
      "Processing point clouds 43 and 44...\n",
      "Initial alignment - Fitness: 0.0007393233017308863, RMSE: 0.013995989622212088\n",
      "ICP registration - Fitness: 0.0009567713316517352, RMSE: 0.01215093914074514\n",
      "Transformation matrix:\n",
      "[[-0.80139904 -0.57450014  0.1664607  -0.00917371]\n",
      " [-0.21182087  0.53286004  0.81926314  0.04047488]\n",
      " [ 0.55936704 -0.62129685  0.54872464  0.10863879]\n",
      " [ 0.          0.          0.          1.        ]]\n",
      "Registration 44/99 - Fitness: 0.000957, RMSE: 0.012151\n",
      "\n",
      "Processing point clouds 44 and 45...\n",
      "Initial alignment - Fitness: 0.002519876612938263, RMSE: 0.01454391660814337\n",
      "ICP registration - Fitness: 0.0031715688404222965, RMSE: 0.013884077177547666\n",
      "Transformation matrix:\n",
      "[[-0.55160273 -0.51642445 -0.65501161  0.02830083]\n",
      " [ 0.37395639 -0.85505308  0.35922256  0.07657907]\n",
      " [-0.74558101 -0.04679763  0.66476984  0.0622665 ]\n",
      " [ 0.          0.          0.          1.        ]]\n",
      "Registration 45/99 - Fitness: 0.003172, RMSE: 0.013884\n",
      "\n",
      "Processing point clouds 45 and 46...\n",
      "Initial alignment - Fitness: 0.0013073604392731075, RMSE: 0.0156566330029434\n",
      "ICP registration - Fitness: 0.002963350329019044, RMSE: 0.013903353190113139\n",
      "Transformation matrix:\n",
      "[[ 0.38722064  0.50577517 -0.7708772   0.03309835]\n",
      " [ 0.62579068 -0.75819286 -0.18311094  0.04057053]\n",
      " [ 0.67708655  0.41150343  0.61009731  0.07848928]\n",
      " [ 0.          0.          0.          1.        ]]\n",
      "Registration 46/99 - Fitness: 0.002963, RMSE: 0.013903\n",
      "\n",
      "Processing point clouds 46 and 47...\n",
      "Initial alignment - Fitness: 0.001040447392378723, RMSE: 0.015610495158350364\n",
      "ICP registration - Fitness: 0.0012572072657909567, RMSE: 0.013405903217542063\n",
      "Transformation matrix:\n",
      "[[ 0.2074709   0.36797082 -0.90639577  0.00290051]\n",
      " [-0.62545155 -0.66253697 -0.41213484  0.09261186]\n",
      " [ 0.7521743  -0.65241263 -0.09269078  0.03792923]\n",
      " [ 0.          0.          0.          1.        ]]\n",
      "Registration 47/99 - Fitness: 0.001257, RMSE: 0.013406\n",
      "\n",
      "Processing point clouds 47 and 48...\n",
      "Initial alignment - Fitness: 0.002607335303320007, RMSE: 0.013876086884990542\n",
      "ICP registration - Fitness: 0.0034764470710933427, RMSE: 0.013274901785386586\n",
      "Transformation matrix:\n",
      "[[ 0.75665688  0.64061994  0.13067696  0.0068713 ]\n",
      " [-0.54105608  0.50132205  0.67522924  0.07086371]\n",
      " [-0.36705407  0.58162041 -0.72594009  0.06458184]\n",
      " [ 0.          0.          0.          1.        ]]\n",
      "Registration 48/99 - Fitness: 0.003476, RMSE: 0.013275\n",
      "\n",
      "Processing point clouds 48 and 49...\n",
      "Initial alignment - Fitness: 0.0006532247528633019, RMSE: 0.0165350914754252\n",
      "ICP registration - Fitness: 0.0011322562382963899, RMSE: 0.013714512152951693\n",
      "Transformation matrix:\n",
      "[[ 0.07935672  0.09785152 -0.99203205  0.03459676]\n",
      " [-0.84001075  0.54239688 -0.01369526  0.0818193 ]\n",
      " [ 0.53673499  0.8344044   0.12523917  0.00659114]\n",
      " [ 0.          0.          0.          1.        ]]\n",
      "Registration 49/99 - Fitness: 0.001132, RMSE: 0.013715\n",
      "\n",
      "Processing point clouds 49 and 50...\n",
      "Initial alignment - Fitness: 0.0013046881795250936, RMSE: 0.014259156832075138\n",
      "ICP registration - Fitness: 0.0017395842393667913, RMSE: 0.012535808343647922\n",
      "Transformation matrix:\n",
      "[[ 0.13207373  0.97044845 -0.2019563   0.01474329]\n",
      " [ 0.82489713 -0.22057806 -0.52047098  0.09835392]\n",
      " [ 0.54963738  0.09785263  0.82965271  0.00660589]\n",
      " [ 0.          0.          0.          1.        ]]\n",
      "Registration 50/99 - Fitness: 0.001740, RMSE: 0.012536\n",
      "\n",
      "Processing point clouds 50 and 51...\n",
      "Initial alignment - Fitness: 0.0006962273182193986, RMSE: 0.01761038564908324\n",
      "ICP registration - Fitness: 0.0013924546364387973, RMSE: 0.01248189939354369\n",
      "Transformation matrix:\n",
      "[[ 0.03679343 -0.9901349  -0.13520028  0.03943191]\n",
      " [ 0.65315702  0.12622145 -0.74662846 -0.05153753]\n",
      " [ 0.75632807 -0.06083599  0.65135768  0.11028403]\n",
      " [ 0.          0.          0.          1.        ]]\n",
      "Registration 51/99 - Fitness: 0.001392, RMSE: 0.012482\n",
      "\n",
      "Processing point clouds 51 and 52...\n",
      "Initial alignment - Fitness: 0.004536136433026562, RMSE: 0.014285612338353341\n",
      "ICP registration - Fitness: 0.005670170541283204, RMSE: 0.01359126668439521\n",
      "Transformation matrix:\n",
      "[[ 0.48706403 -0.86290429  0.13477691  0.06713024]\n",
      " [ 0.78329745  0.49985497  0.369581    0.08165221]\n",
      " [ 0.38628194  0.0744392  -0.9193721   0.09382796]\n",
      " [ 0.          0.          0.          1.        ]]\n",
      "Registration 52/99 - Fitness: 0.005670, RMSE: 0.013591\n",
      "\n",
      "Processing point clouds 52 and 53...\n",
      "Initial alignment - Fitness: 0.0008716116098666434, RMSE: 0.0152970821912212\n",
      "ICP registration - Fitness: 0.001525320317266626, RMSE: 0.01296854851283972\n",
      "Transformation matrix:\n",
      "[[ 0.48626945  0.78795373 -0.37771807  0.060499  ]\n",
      " [ 0.44037625  0.15236869  0.88478954  0.05756897]\n",
      " [-0.75472563  0.5965842   0.27290387  0.06402919]\n",
      " [ 0.          0.          0.          1.        ]]\n",
      "Registration 53/99 - Fitness: 0.001525, RMSE: 0.012969\n",
      "\n",
      "Processing point clouds 53 and 54...\n",
      "Initial alignment - Fitness: 0.0006060606060606061, RMSE: 0.014403809421535336\n",
      "ICP registration - Fitness: 0.0009523809523809524, RMSE: 0.012201610077211851\n",
      "Transformation matrix:\n",
      "[[-0.96225845  0.25842112  0.08530653  0.03840085]\n",
      " [-0.09171328 -0.60307807  0.79239227  0.05992156]\n",
      " [ 0.2562174   0.75466242  0.60401762  0.03975488]\n",
      " [ 0.          0.          0.          1.        ]]\n",
      "Registration 54/99 - Fitness: 0.000952, RMSE: 0.012202\n",
      "\n",
      "Processing point clouds 54 and 55...\n",
      "Initial alignment - Fitness: 0.005411021167914809, RMSE: 0.013989428945295701\n",
      "ICP registration - Fitness: 0.007315700619020821, RMSE: 0.012816270183187593\n",
      "Transformation matrix:\n",
      "[[-0.6750976   0.73716113 -0.02892572  0.03193678]\n",
      " [-0.14733536 -0.17314263 -0.97381411  0.07567126]\n",
      " [ 0.72286619  0.65315779 -0.22549807 -0.02646711]\n",
      " [ 0.          0.          0.          1.        ]]\n",
      "Registration 55/99 - Fitness: 0.007316, RMSE: 0.012816\n",
      "\n",
      "Processing point clouds 55 and 56...\n",
      "Initial alignment - Fitness: 0.00047736839821203836, RMSE: 0.01568715676998362\n",
      "ICP registration - Fitness: 0.0010849281777546326, RMSE: 0.012629848956845172\n",
      "Transformation matrix:\n",
      "[[ 0.56910539  0.43868201  0.69546902  0.08489155]\n",
      " [ 0.18819464 -0.89283709  0.40917565  0.04358718]\n",
      " [ 0.80043853 -0.10198053 -0.590676    0.08066759]\n",
      " [ 0.          0.          0.          1.        ]]\n",
      "Registration 56/99 - Fitness: 0.001085, RMSE: 0.012630\n",
      "\n",
      "Processing point clouds 56 and 57...\n",
      "Initial alignment - Fitness: 0.001473519979197365, RMSE: 0.015300265537687603\n",
      "ICP registration - Fitness: 0.0022102799687960476, RMSE: 0.01446533613450922\n",
      "Transformation matrix:\n",
      "[[ 0.65465129 -0.41350564  0.63280706  0.07605275]\n",
      " [ 0.08285754 -0.79282708 -0.60378792  0.08241679]\n",
      " [-0.75137628 -0.44770338  0.48476321  0.00738274]\n",
      " [ 0.          0.          0.          1.        ]]\n",
      "Registration 57/99 - Fitness: 0.002210, RMSE: 0.014465\n",
      "\n",
      "Processing point clouds 57 and 58...\n",
      "Initial alignment - Fitness: 0.0017648831303000302, RMSE: 0.014388324992987067\n",
      "ICP registration - Fitness: 0.0024105720804097975, RMSE: 0.012827267938023032\n",
      "Transformation matrix:\n",
      "[[ 0.06800419  0.78207421 -0.61946376  0.01902026]\n",
      " [ 0.99509764 -0.0084815   0.09853303  0.03838346]\n",
      " [ 0.07180616 -0.62312759 -0.77881698  0.06323148]\n",
      " [ 0.          0.          0.          1.        ]]\n",
      "Registration 58/99 - Fitness: 0.002411, RMSE: 0.012827\n",
      "\n",
      "Processing point clouds 58 and 59...\n",
      "Initial alignment - Fitness: 0.002238195669952223, RMSE: 0.015013982380875828\n",
      "ICP registration - Fitness: 0.0034433779537726508, RMSE: 0.012966028303674137\n",
      "Transformation matrix:\n",
      "[[ 0.51734887  0.11579024  0.84790493  0.04754537]\n",
      " [-0.52541889  0.82504928  0.20791508  0.05513617]\n",
      " [-0.67548881 -0.5530699   0.48767669  0.06747224]\n",
      " [ 0.          0.          0.          1.        ]]\n",
      "Registration 59/99 - Fitness: 0.003443, RMSE: 0.012966\n",
      "\n",
      "Processing point clouds 59 and 60...\n",
      "Initial alignment - Fitness: 0.00400896629019743, RMSE: 0.015509430829891563\n",
      "ICP registration - Fitness: 0.004612466591947582, RMSE: 0.014596223062868431\n",
      "Transformation matrix:\n",
      "[[-0.75337103  0.04394219  0.65612588  0.0456691 ]\n",
      " [ 0.40560422 -0.75431059  0.51623711  0.00918039]\n",
      " [-0.51760729 -0.65504551 -0.55045261  0.03131407]\n",
      " [ 0.          0.          0.          1.        ]]\n",
      "Registration 60/99 - Fitness: 0.004612, RMSE: 0.014596\n",
      "\n",
      "Processing point clouds 60 and 61...\n",
      "Initial alignment - Fitness: 0.0013309290743602953, RMSE: 0.016178687753152902\n",
      "ICP registration - Fitness: 0.002962390520350335, RMSE: 0.012520793845508376\n",
      "Transformation matrix:\n",
      "[[ 0.05522079  0.18348299  0.98147066 -0.04110783]\n",
      " [-0.45866646 -0.86845853  0.18816181 -0.00352631]\n",
      " [ 0.88689105 -0.46055812  0.03620053  0.07645156]\n",
      " [ 0.          0.          0.          1.        ]]\n",
      "Registration 61/99 - Fitness: 0.002962, RMSE: 0.012521\n",
      "\n",
      "Processing point clouds 61 and 62...\n",
      "Initial alignment - Fitness: 0.0015454623508199537, RMSE: 0.01587094318217208\n",
      "ICP registration - Fitness: 0.002833347643169915, RMSE: 0.012978235723084623\n",
      "Transformation matrix:\n",
      "[[-0.30926639 -0.8808222   0.35847811  0.07202754]\n",
      " [ 0.18591773 -0.42568622 -0.88556527  0.02025456]\n",
      " [-0.93262474  0.20722814 -0.2954109   0.08676241]\n",
      " [ 0.          0.          0.          1.        ]]\n",
      "Registration 62/99 - Fitness: 0.002833, RMSE: 0.012978\n",
      "\n",
      "Processing point clouds 62 and 63...\n",
      "Initial alignment - Fitness: 0.0018467617247895551, RMSE: 0.01478686527481368\n",
      "ICP registration - Fitness: 0.0026198247723758805, RMSE: 0.012489071605005564\n",
      "Transformation matrix:\n",
      "[[ 0.67461462  0.51745187  0.52643962  0.02278273]\n",
      " [ 0.7368193  -0.51515937 -0.43784489  0.0163253 ]\n",
      " [ 0.04463664  0.68326744 -0.72880256  0.06529475]\n",
      " [ 0.          0.          0.          1.        ]]\n",
      "Registration 63/99 - Fitness: 0.002620, RMSE: 0.012489\n",
      "\n",
      "Processing point clouds 63 and 64...\n",
      "Initial alignment - Fitness: 0.002756244616709733, RMSE: 0.014257021993155544\n",
      "ICP registration - Fitness: 0.004565030146425495, RMSE: 0.012586130942017663\n",
      "Transformation matrix:\n",
      "[[ 0.11529336  0.1198237  -0.98607795  0.00422208]\n",
      " [-0.76081563 -0.62758507 -0.16521671  0.00997285]\n",
      " [ 0.63864467 -0.76927191 -0.01880735 -0.00758786]\n",
      " [ 0.          0.          0.          1.        ]]\n",
      "Registration 64/99 - Fitness: 0.004565, RMSE: 0.012586\n",
      "\n",
      "Processing point clouds 64 and 65...\n",
      "Initial alignment - Fitness: 0.002679111572033532, RMSE: 0.01473761013027155\n",
      "ICP registration - Fitness: 0.0031544378186846426, RMSE: 0.012786643407606378\n",
      "Transformation matrix:\n",
      "[[-0.09384833  0.99557006 -0.0057227  -0.00158434]\n",
      " [ 0.8888915   0.08120054 -0.45086403  0.01357181]\n",
      " [-0.44840204 -0.0473997  -0.8925743   0.02630349]\n",
      " [ 0.          0.          0.          1.        ]]\n",
      "Registration 65/99 - Fitness: 0.003154, RMSE: 0.012787\n",
      "\n",
      "Processing point clouds 65 and 66...\n",
      "Initial alignment - Fitness: 0.0014737754659731252, RMSE: 0.014184556975947232\n",
      "ICP registration - Fitness: 0.0027741655830082357, RMSE: 0.013388392958642801\n",
      "Transformation matrix:\n",
      "[[ 0.37160908  0.64536523  0.66739074  0.10641256]\n",
      " [-0.04323561  0.73011973 -0.68195004  0.08567227]\n",
      " [ 0.927382   -0.22456378 -0.29922189  0.06135249]\n",
      " [ 0.          0.          0.          1.        ]]\n",
      "Registration 66/99 - Fitness: 0.002774, RMSE: 0.013388\n",
      "\n",
