{
    "intrinsic_parameters": {
        "focal_length_pixels": [
            956.6371992150991,
            957.5514133934563
        ],
        "principal_point_pixels": [
            369.0548549044713,
            651.4141996846565
        ],
        "skew_coefficient": 0.0
    },
    "distortion_coefficients": {
        "radial_k1_k2_k3": [
            0.19763718894522686,
            -0.7068699101485687,
            0.0033693649214358848
        ],
        "tangential_p1_p2": [
            0.0033693649214358848,
            0.006982424815250323
        ],
        "all_coeffs": [
            0.19763718894522686,
            -0.7068699101485687,
            0.0033693649214358848,
            0.006982424815250323,
            0.04879647890421635
        ]
    },
    "reprojection_error_stats": {
        "mean_error_pixels": 0.06971439945721061,
        "std_dev_error_pixels": 0.0232137908988232,
        "per_image_error_pixels": [
            0.043460238859455665,
            0.04427801213611605,
            0.0884264535859612,
            0.10211386639335324,
            0.09152607099649025,
            0.07120966662043295,
            0.0878737988147927,
            0.04702815726861631,
            0.04377220658850945,
            0.04833160896962533,
            0.06137588491078209,
            0.11635308837409976,
            0.04851890082922497,
            0.05015709131600141,
            0.09448328878661179,
            0.07485823685937877,
            0.03407916414308472,
            0.06580637945071635,
            0.07089929957687814,
            0.05971602914124293,
            0.0996627661230477,
            0.05598288725966536,
            0.09519117566358737,
            0.04731557921091976,
            0.10044013455167101
        ]
    },
    "extrinsic_parameters": [
        {
            "image_id": 1,
            "filename": "1.jpeg",
            "rotation_matrix": [
                [
                    0.9969984729949951,
                    0.013872064329159784,
                    -0.07616830493647353
                ],
                [
                    -0.025115354225119714,
                    0.988562699667898,
                    -0.14870443102834582
                ],
                [
                    0.07323430772387166,
                    0.15017108462205683,
                    0.9859439038381648
                ]
            ],
            "translation_vector_units": [
                -3.9382947731179523,
                -3.6171629626617183,
                14.659111942910156
            ]
        },
        {
            "image_id": 2,
            "filename": "10.jpeg",
            "rotation_matrix": [
                [
                    0.9982833299603381,
                    0.05391999100791237,
                    -0.022869798709331337
                ],
                [
                    -0.05069018323321622,
                    0.9910078706770746,
                    0.12383014810567511
                ],
                [
                    0.029341070994114215,
                    -0.12245829831333244,
                    0.9920398513805386
                ]
            ],
            "translation_vector_units": [
                -4.371302596763229,
                -1.459625280052202,
                15.813773972390115
            ]
        },
        {
            "image_id": 3,
            "filename": "11.jpeg",
            "rotation_matrix": [
                [
                    0.9172613540097447,
                    -0.003588545788946622,
                    -0.3982696709257817
                ],
                [
                    -0.07743035142924304,
                    0.9792740478796209,
                    -0.1871546949104023
                ],
                [
                    0.3906867659874771,
                    0.20250792944618853,
                    0.8979723767431067
                ]
            ],
            "translation_vector_units": [
                -2.2517288477126662,
                -4.836595821908549,
                15.574468631540718
            ]
        },
        {
            "image_id": 4,
            "filename": "12.jpeg",
            "rotation_matrix": [
                [
                    0.9173694074552091,
                    -0.19600124971196609,
                    -0.34643452538196295
                ],
                [
                    -0.01803988709013289,
                    0.8489900493399374,
                    -0.5281008034414888
                ],
                [
                    0.3976278822455157,
                    0.49071316085175287,
                    0.7753016580840183
                ]
            ],
            "translation_vector_units": [
                -2.701636391436594,
                -4.098825745602139,
                14.66386152890232
            ]
        },
        {
            "image_id": 5,
            "filename": "13.jpeg",
            "rotation_matrix": [
                [
                    0.9306024099706551,
                    -0.07528470136922666,
                    0.35820576251165354
                ],
                [
                    -0.07951936028240489,
                    0.9136648271859069,
                    0.39861416796649846
                ],
                [
                    -0.35728955469910656,
                    -0.39943559844246873,
                    0.8442720987926944
                ]
            ],
            "translation_vector_units": [
                -3.0048851188328136,
                -2.0944109276177127,
                20.437824590781418
            ]
        },
        {
            "image_id": 6,
            "filename": "14.jpeg",
            "rotation_matrix": [
                [
                    0.9878516634894324,
                    0.1486754016071923,
                    0.0452185348955636
                ],
                [
                    -0.12616745867895482,
                    0.937200091948331,
                    -0.3251734306835877
                ],
                [
                    -0.09072410546076196,
                    0.3155180067903889,
                    0.9445726674424603
                ]
            ],
            "translation_vector_units": [
                -4.041921422508397,
                -2.2853008319541828,
                16.69040481057935
            ]
        },
        {
            "image_id": 7,
            "filename": "15.jpeg",
            "rotation_matrix": [
                [
                    0.99116158644397,
                    0.03561860739937191,
                    -0.12778898373804423
                ],
                [
                    -0.0961768805069788,
                    0.8564069062356682,
                    -0.5072644464259228
                ],
                [
                    0.09137131504919391,
                    0.515071379285222,
                    0.8522633143737914
                ]
            ],
            "translation_vector_units": [
                -3.866967774602411,
                -3.313859528804482,
                16.51199021433682
            ]
        },
        {
            "image_id": 8,
            "filename": "16.jpeg",
            "rotation_matrix": [
                [
                    0.99701095371602,
                    -0.0279863195028648,
                    0.07201336050314465
                ],
                [
                    0.011707249554853845,
                    0.9760492839011571,
                    0.2172342875880758
                ],
                [
                    -0.07636817712982731,
                    -0.21574188586531365,
                    0.9734594702426729
                ]
            ],
            "translation_vector_units": [
                -3.273682145697535,
                0.04613895687647474,
                19.139107130224637
            ]
        },
        {
            "image_id": 9,
            "filename": "17.jpeg",
            "rotation_matrix": [
                [
                    0.9954348965345163,
                    0.0015469962653355072,
                    -0.09543046454812927
                ],
                [
                    0.017382884394077612,
                    0.9802070113288829,
                    0.19721067484251809
                ],
                [
                    0.09384669462191438,
                    -0.19796924444027741,
                    0.9757053736473357
                ]
            ],
            "translation_vector_units": [
                -2.881992655712721,
                -0.6519174282796926,
                18.137437951963246
            ]
        },
        {
            "image_id": 10,
            "filename": "18.jpeg",
            "rotation_matrix": [
                [
                    0.9892467854188592,
                    -0.0071568465500741,
                    -0.14608072113017548
                ],
                [
                    0.018121360091820804,
                    0.9971035296518129,
                    0.07386587482944126
                ],
                [
                    0.14512895592153888,
                    -0.07571876057724936,
                    0.98651115323131
                ]
            ],
            "translation_vector_units": [
                -1.8035621907633865,
                -1.5098719126642597,
                17.84239917848326
            ]
        },
        {
            "image_id": 11,
            "filename": "19.jpeg",
            "rotation_matrix": [
                [
                    0.9941755037202189,
                    -0.002925758329376388,
                    -0.10773350333506815
                ],
                [
                    -0.006433629493203263,
                    0.9962375544969647,
                    -0.08642536329950513
                ],
                [
                    0.1075810216264618,
                    0.08661509653695106,
                    0.9904161493219411
                ]
            ],
            "translation_vector_units": [
                -3.5112632648399362,
                -1.9661176718442994,
                12.67484000596976
            ]
        },
        {
            "image_id": 12,
            "filename": "2.jpeg",
            "rotation_matrix": [
                [
                    0.8905216070798861,
                    -0.2419497797410238,
                    -0.385268181150646
                ],
                [
                    0.12245551022939102,
                    0.9430773725698209,
                    -0.30920821037168883
                ],
                [
                    0.43815056240785133,
                    0.22817838072454005,
                    0.8694588611496293
                ]
            ],
            "translation_vector_units": [
                -1.497715934428042,
                -0.6579189965044364,
                13.918170881470507
            ]
        },
        {
            "image_id": 13,
            "filename": "20.jpeg",
            "rotation_matrix": [
                [
                    0.9907025129461139,
                    -0.012051254488192158,
                    -0.13551124716242524
                ],
                [
                    -0.002402275264599932,
                    0.9943639508767044,
                    -0.10599321803976036
                ],
                [
                    0.13602485036127837,
                    0.10533328278436935,
                    0.9850899144860127
                ]
            ],
            "translation_vector_units": [
                -3.263830686831997,
                -0.9502042665909651,
                16.243665407803995
            ]
        },
        {
            "image_id": 14,
            "filename": "21.jpeg",
            "rotation_matrix": [
                [
                    0.8915228839352608,
                    0.44232832438807673,
                    -0.09763503911911878
                ],
                [
                    -0.45133662779772715,
                    0.8490980347265199,
                    -0.2744590603928712
                ],
                [
                    -0.038499296460213994,
                    0.28875280235453665,
                    0.9566293029718829
                ]
            ],
            "translation_vector_units": [
                -4.034100918564545,
                -2.0868723487467746,
                15.13137634005909
            ]
        },
        {
            "image_id": 15,
            "filename": "22.jpeg",
            "rotation_matrix": [
                [
                    0.9215920326541339,
                    -0.14427839443560722,
                    -0.36034964998943053
                ],
                [
                    0.16156376481167153,
                    0.9866955260644551,
                    0.018140803297181204
                ],
                [
                    0.352938061489974,
                    -0.07493786588548855,
                    0.9326408960624812
                ]
            ],
            "translation_vector_units": [
                -1.153852209803097,
                -3.8690999121461425,
                15.166167858897156
            ]
        },
        {
            "image_id": 16,
            "filename": "23.jpeg",
            "rotation_matrix": [
                [
                    0.95427811308999,
                    -0.24952476822929584,
                    -0.1645924448980709
                ],
                [
                    0.17666945653327434,
                    0.9149653174106234,
                    -0.3628034882190561
                ],
                [
                    0.24112483490019399,
                    0.3171369703705222,
                    0.9172147818360543
                ]
            ],
            "translation_vector_units": [
                -3.078910505463845,
                -4.3297085101777,
                13.394388569375877
            ]
        },
        {
            "image_id": 17,
            "filename": "24.jpeg",
            "rotation_matrix": [
                [
                    0.9992381002627141,
                    -0.015843833611670684,
                    0.03566779948143395
                ],
                [
                    0.019701552613686963,
                    0.9936757934659435,
                    -0.1105453133535639
                ],
                [
                    -0.033690767399574176,
                    0.11116379993645956,
                    0.9932308602614573
                ]
            ],
            "translation_vector_units": [
                -3.2478054375039838,
                -4.247558897870988,
                16.55687820257592
            ]
        },
        {
            "image_id": 18,
            "filename": "25.jpeg",
            "rotation_matrix": [
                [
                    0.9724728613245505,
                    -0.06674730249058007,
                    -0.2232517224960934
                ],
                [
                    0.083914302717005,
                    0.9941292591785086,
                    0.06830377621119142
                ],
                [
                    0.21738197668335005,
                    -0.08515758131499905,
                    0.9723647785465179
                ]
            ],
            "translation_vector_units": [
                -2.5948053755109486,
                -3.5926932242878444,
                16.49801655471239
            ]
        },
        {
            "image_id": 19,
            "filename": "3.jpeg",
            "rotation_matrix": [
                [
                    0.9623967896073212,
                    -0.011542209986181887,
                    -0.27140227843950826
                ],
                [
                    -0.015179269971004699,
                    0.995250913055887,
                    -0.09615201414723741
                ],
                [
                    0.2712231721602504,
                    0.09665607818475809,
                    0.9576510812572986
                ]
            ],
            "translation_vector_units": [
                -2.9046907924712126,
                -3.038811236028509,
                14.474269181746282
            ]
        },
        {
            "image_id": 20,
            "filename": "4.jpeg",
            "rotation_matrix": [
                [
                    0.9849245657566207,
                    0.0492785613925353,
                    -0.16581683616633883
                ],
                [
                    -0.022416758216328637,
                    0.9868422416838328,
                    0.16012457331558538
                ],
                [
                    0.17152576692789626,
                    -0.1539935499152797,
                    0.9730698319567241
                ]
            ],
            "translation_vector_units": [
                -3.383150400214298,
                -2.445516611721932,
                17.246082768602367
            ]
        },
        {
            "image_id": 21,
            "filename": "5.jpeg",
            "rotation_matrix": [
                [
                    0.9026368697129054,
                    0.16534949144574143,
                    -0.39737416513095347
                ],
                [
                    -0.09497642259378478,
                    0.9770224950266961,
                    0.19080493537405271
                ],
                [
                    0.41979299730483166,
                    -0.13448639295647832,
                    0.8976008297252077
                ]
            ],
            "translation_vector_units": [
                -2.4143589110214876,
                -2.3591941942487025,
                15.213703367380512
            ]
        },
        {
            "image_id": 22,
            "filename": "6.jpeg",
            "rotation_matrix": [
                [
                    0.9963963780485781,
                    0.016120208243003895,
                    -0.08327302503138331
                ],
                [
                    -0.0266985200405347,
                    0.9914757661407424,
                    -0.12752644503503235
                ],
                [
                    0.08050743344139327,
                    0.12929015446595366,
                    0.9883332480084082
                ]
            ],
            "translation_vector_units": [
                -3.369780504287715,
                -0.9612587282321072,
                13.955540261775885
            ]
        },
        {
            "image_id": 23,
            "filename": "7.jpeg",
            "rotation_matrix": [
                [
                    0.9945032308010558,
                    -0.01800582895576713,
                    -0.1031460811174008
                ],
                [
                    -0.025085353352478103,
                    0.9154406458158675,
                    -0.4016704482973682
                ],
                [
                    0.10165652450011796,
                    0.40205001444079447,
                    0.9099569972887256
                ]
            ],
            "translation_vector_units": [
                -3.462693748409793,
                -2.338225218031,
                12.231307934478426
            ]
        },
        {
            "image_id": 24,
            "filename": "8.jpeg",
            "rotation_matrix": [
                [
                    0.9804388210093345,
                    0.05574203441534967,
                    0.18876584398948865
                ],
                [
                    -0.043897578959078074,
                    0.9968296783369751,
                    -0.06635958821552716
                ],
                [
                    -0.19186641399514792,
                    0.056775152891390776,
                    0.9797774549329055
                ]
            ],
            "translation_vector_units": [
                -4.2044106078922034,
                -3.7112807974049904,
                16.347040250750368
            ]
        },
        {
            "image_id": 25,
            "filename": "9.jpeg",
            "rotation_matrix": [
                [
                    0.8475277266868889,
                    -0.27398878615864086,
                    0.4545623142719473
                ],
                [
                    0.0805462886542534,
                    0.9129284417249891,
                    0.40009243391197596
                ],
                [
                    -0.5246037055539922,
                    -0.3024761236013476,
                    0.7958009467009464
                ]
            ],
            "translation_vector_units": [
                -2.7999817437097616,
                -3.479155579588196,
                21.795392508786595
            ]
        }
    ],
    "checkerboard_normals_in_camera_frame": [
        [
            -0.07616830493647353,
            -0.14870443102834582,
            0.9859439038381648
        ],
        [
            -0.022869798709331337,
            0.12383014810567511,
            0.9920398513805386
        ],
        [
            -0.3982696709257817,
            -0.1871546949104023,
            0.8979723767431067
        ],
        [
            -0.34643452538196295,
            -0.5281008034414888,
            0.7753016580840183
        ],
        [
            0.35820576251165354,
            0.39861416796649846,
            0.8442720987926944
        ],
        [
            0.0452185348955636,
            -0.3251734306835877,
            0.9445726674424603
        ],
        [
            -0.12778898373804423,
            -0.5072644464259228,
            0.8522633143737914
        ],
        [
            0.07201336050314465,
            0.2172342875880758,
            0.9734594702426729
        ],
        [
            -0.09543046454812927,
            0.19721067484251809,
            0.9757053736473357
        ],
        [
            -0.14608072113017548,
            0.07386587482944126,
            0.98651115323131
        ],
        [
            -0.10773350333506815,
            -0.08642536329950513,
            0.9904161493219411
        ],
        [
            -0.385268181150646,
            -0.30920821037168883,
            0.8694588611496293
        ],
        [
            -0.13551124716242524,
            -0.10599321803976036,
            0.9850899144860127
        ],
        [
            -0.09763503911911878,
            -0.2744590603928712,
            0.9566293029718829
        ],
        [
            -0.36034964998943053,
            0.018140803297181204,
            0.9326408960624812
        ],
        [
            -0.1645924448980709,
            -0.3628034882190561,
            0.9172147818360543
        ],
        [
            0.03566779948143395,
            -0.1105453133535639,
            0.9932308602614573
        ],
        [
            -0.2232517224960934,
            0.06830377621119142,
            0.9723647785465179
        ],
        [
            -0.27140227843950826,
            -0.09615201414723741,
            0.9576510812572986
        ],
        [
            -0.16581683616633883,
            0.16012457331558538,
            0.9730698319567241
        ],
        [
            -0.39737416513095347,
            0.19080493537405271,
            0.8976008297252077
        ],
        [
            -0.08327302503138331,
            -0.12752644503503235,
            0.9883332480084082
        ],
        [
            -0.1031460811174008,
            -0.4016704482973682,
            0.9099569972887256
        ],
        [
            0.18876584398948865,
            -0.06635958821552716,
            0.9797774549329055
        ],
        [
            0.4545623142719473,
            0.40009243391197596,
            0.7958009467009464
        ]
    ]
}